68
38
31
84
80
35
59
6
61
57
49
37
77
60
49
17
34
88
70
83
47
58
22
24
93
50
76
10
83
5
84
58
47
51
46
80
52
61
48
21
97
52
91
59
97
79
98
32
86
95
7
28
17
83
74
10
16
7
92
31
59
49
24
56
74
92
90
27
15
70
66
74
40
50
87
96
67
64
27
14
52
45
25
89
98
56
41
65
78
36
64
46
69
18
62
49
28
35
86
6
90
72
18
16
29
34
88
68
97
79
44
53
80
78
79
15
24
36
59
18
52
26
49
80
6
20
6
23
89
38
68
33
79
22
25
80
27
9
60
65
69
74
69
100
93
12
66
92
39
47
25
93
77
68
54
64
24
39
11
9
28
66
79
59
11
11
74
58
53
99
89
16
77
94
50
79
58
50
87
94
55
14
84
43
14
75
56
11
68
62
57
89
99
51
37
3
95
11
89
82
38
9
39
40
59
10
17
83
18
76
7
74
52
17
55
15
82
37
45
37
55
64
90
92
43
100
18
27
58
47
84
48
62
6
57
47
76
45
85
5
59
74
93
93
55
83
38
82
96
23
22
59
66
52
27
75
19
47
98
59
93
91
26
71
93
60
13
46
61
9
39
37
52
41
79
82
71
98
38
60
63
36
31
35
26
25
82
10
80
82
28
29
48
27
13
68
49
23
1
96
71
92
22
88
84
85
8
26
74
46
5
22
10
38
96
57
60
91
46
68
78
3
67
79
81
11
90
26
29
11
34
49
98
42
90
71
14
44
52
41
18
57
36
35
78
7
19
11
31
56
9
58
77
33
18
68
26
43
7
74
95
82
98
64
12
57
24
68
49
26
44
17
40
5
50
22
67
33
2
74
92
80
96
74
2
77
72
65
25
22
46
72
38
78
46
37
60
73
23
22
83
51
62
5
13
92
18
73
84
96
1
93
41
33
82
16
87
25
62
36
85
60
44
27
80
72
80
62
59
14
63
95
11
81
92
41
18
91
61
11
59
100
81
30
21
54
31
5
96
31
51
36
11
87
37
23
8
35
26
41
13
56
14
71
34
6
83
61
42
42
98
96
64
52
78
85
80
14
7
27
42
75
66
28
64
28
85
24
44
69
33
83
66
21
98
3
87
11
96
15
71
71
64
55
33
55
73
59
10
53
44
95
29
100
99
39
90
86
7
7
22
60
17
74
9
15
31
43
55
76
99
69
18
92
57
72
12
12
96
9
55
26
14
92
25
39
55
66
23
60
13
1
4
90
94
11
55
90
47
18
25
31
5
35
54
76
77
37
44
28
28
79
91
99
52
96
46
25
50
70
61
65
20
95
63
98
66
29
99
46
18
22
66
78
85
25
22
80
39
50
63
18
23
96
33
34
11
6
39
98
66
30
41
77
58
60
11
10
72
56
11
48
39
99
10
6
14
14
15
27
75
67
86
100
8
44
42
25
63
30
88
60
91
1
80
88
81
89
20
25
15
12
8
83
40
15
80
25
86
27
21
98
92
12
24
99
45
41
69
14
19
86
48
43
69
51
58
38
19
23
25
25
94
90
13
63
60
4
61
93
64
17
40
37
9
91
69
80
78
82
44
41
21
7
7
29
65
65
14
89
58
43
7
63
3
96
4
2
99
61
40
41
80
77
50
2
47
12
34
79
82
79
61
37
80
85
5
88
84
84
99
95
90
72
36
22
10
77
34
13
87
68
81
17
43
3
61
45
57
5
82
54
31
36
8
80
82
71
84
18
92
17
19
15
63
45
52
8
41
28
92
71
78
22
93
15
98
44
95
78
24
61
32
79
2
46
65
54
65
57
41
40
94
16
22
70
49
66
55
99
51
53
4
29
13
12
76
10
44
94
82
38
77
7
95
32
86
40
13
17
81
99
44
85
88
53
78
62
100
23
66
32
90
97
27
72
57
3
66
91
70
55
11
72
76
3
64
87
22
90
85
10
53
38
18
53
10
20
41
61
35
15
10
22
28
50
49
81
80
23
76
83
74
23
47
26
88
72
10
86
89
91
40
11
38
57
80
52
79
74
63
38
63
6
56
56
46
89
44
26
54
84
7
99
15
2
36
31
91
93
65
38
11
56
72
45
76
100
84
72
71
97
2
7
61
39
21
69
68
92
81
99
28
84
32
6
84
41
97
37
21
49
62
87
10
25
27
7
34
12
81
46
6
73
56
58
82
1
38
77
81
67
63
100
12
66
10
27
24
66
61
35
3
47
51
22
36
16
97
37
12
15
36
57
12
35
94
56
29
74
